sHostGaussian = [5;15;25.2455295187029;35.7052461561249;45.7963911734217;55.8508235266791;65.4715377442744;75.1856098495749;85.1244962247771;94.3648135473280;105.580274626182;116.963115894327;127.824642723040;138.586432165004;150.136444614550;161.395862873819;172.283455807102;182.829717674411;192.951747950046;202.832294061413;212.533292968303;220.072027836904;229.543116605738;238.914230128613;248.874451749805;258.630553542324;268.545789201776;279.618609367340;290.107461372942;299.688675017226;309.061330217889;317.589339186063;328.188193024641;338.349823690523;348.922141018398;359.960068353486;370.468421302095;380.429472370573;390.131179720470;399.624175630834;408.941808966430;416.099501448625;425.772035641213;435.760901181627;445.187839710943;454.956938393077;465.280972486642;475.418919481330;485.368580247453;495.642695655278;505.473952438593;515.403224335686;524.991653328303;534.825418421740;544.542654310940;553.783107891067;565.074477519636;576.076312189456;586.694972985135;597.123545731891;607.377310237669;617.453400407290;627.298348850869;636.832681146154;646.829188174672;656.857884656972;667.058985166122;677.198907652751;686.837579049239;697.118848227104;707.298709756355;717.147867720761;727.316424480930;737.066573868484;746.767278004924;756.208526527862;767.762111337804;779.111512808266;790.086887023710;800.822018838554;811.330958722339;821.666633035384;830.941281562587;841.035446615513;851.245963939865;861.448260642991;871.350955561650;881.065749793976;890.819590859242;900.363427345663;910.031897386199;918.056896457214;927.509269803750;935.651923538202;946.426239239192;957.093060945079;967.404993268147;978.226511547938;988.454730664017;998.498384576649;1008.36893420854;1016.08255517002;1025.81633381785;1035.09657336869;1044.28235150579;1054.43698484456;1064.71181610789;1075.05564824577;1085.16278540068;1095.09556236258;1104.80051378819;1115.10348928944;1124.92594232291;1135.20533333685;1145.24109295259;1155.24323190378;1166.50709551321;1177.33273788590;1187.97272981182;1198.31678738439;1208.48821899624;1218.49001515738;1228.68362356861;1238.83020693261;1248.29869679062;1258.21134585083;1268.10843352692;1278.19884813708;1288.33247473728;1298.12052150697;1307.66829240007;1317.61093250107;1327.03781337021;1337.19117349430;1347.75195614259;1357.78609449827;1367.98038955440;1378.26028417393;1387.58512900495;1396.73744706457;1405.70751542732;1412.52228516531;1422.14741491961;1432.60885679356;1442.19995057766;1452.24983363496;1462.48077826969;1472.65091792775;1482.70330055999;1492.93788459798;1503.25621570193;1513.53215623281;1523.96069948362;1534.41817564142;1544.83817790171;1555.51051971780;1566.14374161341;1576.00350749109;1586.29288300987;1596.37607345665;1606.29047800871;1614.04365135771;1620.87139457155;1629.99682450618;1640.58141519259;1650.98552787364;1660.95711374363;1671.18731395996;1681.33267432628;1691.72307553140;1701.51433756194;1711.91926324585;1722.18747656247;1732.63046165361;1743.06665623418;1753.28197317530;1764.56730376563;1775.42600107373;1785.75371973404;1795.88072058635;1805.82867335437;1813.61232739609;1821.91832358207;1830.69856608080;1839.45085059370;1849.59959823414;1860.09475291838;1870.76134385846;1881.29720687164;1891.63361084040;1902.07973049278;1912.19647089953;1922.52038572863;1932.83778172852;1943.23207711215;1953.69029692622;1964.12108847136;1974.69849697187;1985.72476914941;1996.54680900576;2007.18909181936;2017.02676449365;2026.60785767066;2036.35932878327;2048.82666295739;2059.48133752817;2069.90223088722;2079.72299675858;2089.31652898067;2098.95876637446;2108.47960995748;2118.56999871019;2128.52545613084;2138.17678679893;2147.80706777439;2157.45222600895;2166.82238211913;2176.84982681704;2186.70303722440;2196.32093591776;2205.76136667588;2213.04585211748;2220.62037364548;2228.38851358758;2237.96916958136;2248.86924824091;2259.49744124174;2270.05749785554;2280.79725114358;2291.43887421835;2302.19566278849;2312.83464608565;2323.41887935718;2334.21016033409;2344.61684173519;2354.69369279939;2365.08928234969;2375.22254478853;2385.49498893687;2395.49467995682;2405.32567450764;2412.99447740603;2422.24823556713;2431.24708747258;2439.95346459964;2450.02483344230;2460.89185987944;2471.21690053698;2481.72432743186;2492.84914685643;2503.24190355179;2513.72603803041;2523.95872010052;2534.31660929356;2544.96815468506;2555.21804103219;2565.57619214651;2575.75551063139;2585.79143034088;2595.65567330343;2605.32993421883;2612.84232821972;2621.99895329840;2631.40249522260;2641.03773400571;2651.32572278856;2661.88295806396;2672.10200744840;2682.62786290896;2692.98165858062;2702.91602076645;2713.18346397844;2723.57961658249;2733.99959467065;2744.20513021789;2754.77946272753;2764.98970943438;2775.44317895208;2785.70812459151;2795.74643664262;2805.61202237811;2813.33448542390;2822.92307751811;2832.33676635223;2841.27390849131;2851.73084314638;2862.00127580670;2871.83046460213;2882.15505477160;2892.39279981132;2902.51072520688;2912.40111839529;2923.12984864303;2933.59169291565;2943.84241320066;2953.87588184616;2964.13984005350;2974.36037030822;2984.86450415338;2995.19428090023;3005.34834395326;3015.33292981555;3024.85150141447;3033.94392779108;3044.07918271412;3053.97446963434;3063.77586707817;3074.13179262591;3084.20152691412;3094.42109907303;3104.29749110848;3114.34011710481;3124.80441461842;3135.09788513413;3145.14243674871;3154.93810910196;3164.99070834559;3174.99863151825;3185.28908692952;3195.39418928356;3205.32739884883;3215.09295080546;3224.30105818307;3233.81085141052;3243.16480862335;3252.38257170400;3261.12561793934;3271.42627509224;3283.01878464984;3294.58352829253;3305.93603772554;3316.96567556205;3327.17343003382;3337.33832209101;3347.09466873183;3356.90997857699;3366.65074282682;3376.26395342726;3385.92185379667;3395.57182671516;3405.05675068609;3414.37823725223;3424.65310344920;3434.90477570205;3445.13247156299;3455.18633052836;3464.53905808517;3473.56675276148;3482.82958447688;3492.92147598933;3503.14720390151;3513.14312834300;3523.45229406324;3533.88364238637;3544.10196460261;3554.40087837192;3564.50455136196;3574.88453602505;3585.18339572725;3595.28568339700;3605.21896308244;3614.98471971662;3625.09359803963;3634.88825330726;3644.45746618619;3653.80150662944;3663.56673720738;3673.56273205615;3682.72462040381;3691.49744872130;3701.57605286355;3712.07779041538;3722.23778911167;3732.93743247670;3743.31096268269;3753.76003483054;3764.11815612404;3774.64800817215;3785.05359608071;3795.25818553454;3805.28905451708;3815.15263436708;3825.25498375174;3835.05820350354;3845.09867352576;3853.89162617081;3863.92923577522;3874.88952137414;3884.44472446855;3894.11451598466;3904.04449285044;3913.73536776621;3923.93544522685;3934.08694489568;3944.08667398200;3953.89253397515;3963.79693700378;3974.32448378851;3984.82550857376;3995.14275849251;4005.28828658441];
